inherited Form1_SmXhdpiPh: TForm1_SmXhdpiPh
  ClientHeight = 375
  ClientWidth = 250
  DesignerMasterStyle = 3
  inherited Button1: TButton
    Margins.Top = 30.000000000000000000
    Position.Y = 255.000000000000000000
    Size.Width = 100.000000000000000000
  end
  inherited Memo1: TMemo
    Size.Width = 210.000000000000000000
    Size.Height = 205.000000000000000000
    Viewport.Width = 202.000000000000000000
    Viewport.Height = 197.000000000000000000
  end
end
