inherited Form1_SmXhdpiPh: TForm1_SmXhdpiPh
  ClientHeight = 375
  ClientWidth = 250
  DesignerMasterStyle = 3
  inherited Button1: TButton
    Position.Y = 288.000000000000000000
    Size.Width = 100.000000000000000000
  end
  inherited Memo1: TMemo
    Size.Width = 210.000000000000000000
    Size.Height = 193.000000000000000000
    Viewport.Width = 202.000000000000000000
    Viewport.Height = 185.000000000000000000
  end
end
